----------------------horizontal
furgoneta
349.8 304.9 

960 	100      640  	100
349.8 	36.44	 304.9  47.64

poste
86 220

960 	100      640  	100
349.8 	71.6	 304.9  65.1

sol
837

960 	100      640  	100
349.8 	71.6	 304.9  65.1

letrero
482 134

960 	100      640  	100
349.8 	71.6	 304.9  65.1

facebook
168 106

960 	100      640  	100
349.8 	71.6	 304.9  65.1

twitter
254 107

960 	100      640  	100
349.8 	71.6	 304.9  65.1

instangram
337.8 112.5

960 	100      640  	100
349.8 	71.6	 304.9  65.1

youtube
423.9 111

960 	100      640  	100
349.8 	71.6	 304.9  65.1

calabera
290 181

960 	100      640  	100
349.8 	71.6	 304.9  65.1

-----------------------vertical
furgoneta 9
49.3 129.6 

640 	100      960  	100
49.3 	7.7		 129.6  13.5

poste
18 503

640 	100      960  	100
349.8 	71.6	 304.9  65.1

sol screw horizontal
0

640 	100      960  	100
349.8 	71.6	 304.9  65.1

letrero
240 10

640 	100      960  	100
349.8 	71.6	 304.9  65.1