480  320  50%  
720  480  75%
960  640  100%  facebook70x54
1248 832  130%
1920 1280 200%

facebook
960 100      640  100
517 53.9	 411  64.2

640 100      960  100
276 43.1	 281  29.3

twitter
960 100      640  100
613 63.6	 413  64.5

640 100      960  100
353 55.2	 293  30.5

instangram
960 100      640  100
688 71.6	 417  65.1

640 100      960  100
430 67.2	 309  32.2

youtube
960 100      640  100
774 80.6	 417  65.2

640 100      960  100
509 79.5	 318  33.1

calabera
960 100      640  100
661 68.9	 517  80.8

640 100      960  100
398 62.2	 397  41.2

address
960 100      640  100
10  1.1	 	 530  82.8

640 100      960  100
215 33.6	 613  63.9

rrd
960 100      640  100
930 96.9	 400  62.5

640 100      960  100
600 93.8	 800  83.3
